Geneid,gene_name,baseMean,log2FoldChange,lfcSE,stat,pvalue,adj_pvalue
ENSG00000157933,SKI,2074.7927411978176,-0.9030146576464257,0.1730234235705134,-5.219031267627265,1.7986139991535112e-07,9.58199416486838e-06
ENSG00000162591,MEGF6,2123.361160764006,-1.3888750096968974,0.2138978199328388,-6.493170478002003,8.404848690821205e-11,1.0475640329085848e-08
ENSG00000189433,GJB4,230.23320861054506,-3.1246061210683402,0.6178332574644115,-5.057361485996607,4.250969802564514e-07,1.991516750561886e-05
ENSG00000142973,CYP4B1,341.2003984531885,-2.6535221354467375,0.46296780206539073,-5.731547903782621,9.951823373277755e-09,7.60688229147819e-07
ENSG00000169213,RAB3B,239.02216806511865,-2.602023702261711,0.5536684377077552,-4.699606343887615,2.6066345911742274e-06,9.223455005189906e-05
ENSG00000177606,JUN,4122.765838908614,-3.336926872281527,0.4286754873184608,-7.78427265145334,7.01154038605463e-15,1.9848007077574813e-12
ENSG00000142871,CCN1,1621.3000847525443,-3.9136323229243892,0.4869141091636075,-8.037623575227666,9.159750563620325e-16,2.8864447931755633e-13
ENSG00000137936,BCAR3,363.2030120588266,-1.6203934492534549,0.22598406529556375,-7.170388085257906,7.478546060109809e-13,1.3801429505295466e-10
ENSG00000117525,F3,1052.7795465133368,-2.2610695682573354,0.3860901936633984,-5.8563247794596505,4.7322236205878355e-09,3.8181271883694554e-07
ENSG00000196369,SRGAP2B,134.6434479481179,-1.4581551516271583,0.2832542196388457,-5.147867359174147,2.634646798139982e-07,1.3354340970905893e-05
ENSG00000178104,PDE4DIP,1149.4241156319174,-1.2701711049149478,0.19782570938641889,-6.420657400165742,1.356870909432305e-10,1.595899964358003e-08
ENSG00000301610,ENSG00000301610,37.85874255733161,-3.9780683216766906,0.8200450046383911,-4.85103658845025,1.2281788462970065e-06,4.8492739956098e-05
ENSG00000014914,MTMR11,322.53394197679603,-1.175586835264438,0.23335701947927667,-5.037717904898234,4.711150827408542e-07,2.1675836238006546e-05
ENSG00000169418,NPR1,480.0358425610287,-2.479896377536355,0.5289763305911609,-4.6881046166374425,2.7574705254663183e-06,9.654904398548369e-05
ENSG00000157064,NMNAT2,159.48446249905314,-1.3284915966181845,0.2753889170567569,-4.824056141461881,1.4066779465073114e-06,5.463635284556247e-05
ENSG00000159388,BTG2,2657.140864764578,-1.6119419343657533,0.33700054898782167,-4.783202695684643,1.72523994173072e-06,6.496172888975619e-05
ENSG00000058668,ATP2B4,9559.364324102495,-0.7317431386076263,0.15258030918152232,-4.795790115597966,1.6203486995703582e-06,6.157509398378689e-05
ENSG00000143850,PLEKHA6,253.514650752954,-2.020571694832436,0.3935098112822421,-5.134742862569175,2.825300396404388e-07,1.4191505133999365e-05
ENSG00000076356,PLXNA2,1317.383006662646,-1.2094826637565628,0.23822193178191092,-5.077125580795929,3.8318762043706516e-07,1.8181272848663762e-05
ENSG00000162772,ATF3,1062.3481515309502,-3.177248351680592,0.42940719835053565,-7.399150186315521,1.3705877085437332e-13,3.011956659768837e-11
ENSG00000300975,ENSG00000300975,11.30813457067142,-7.28012275402931,1.3996608389247773,-5.201347749088927,1.978485125898374e-07,1.0358517031408054e-05
ENSG00000116984,MTR,2444.925643641273,-0.8409725672697287,0.15402020690684975,-5.4601443807846755,4.757475292189769e-08,3.049598525006828e-06
ENSG00000180875,GREM2,324.15416625996545,-2.4932209145763986,0.4165079277977864,-5.9860107051476135,2.1505022009844544e-09,1.8324802300888707e-07
ENSG00000151693,ASAP2,977.3873577165667,-1.1379516353899857,0.13329060281197208,-8.53737331352046,1.3730738321008586e-17,5.7330981517081224e-15
ENSG00000143878,RHOB,6643.308279289717,-2.744547409704695,0.388184418798183,-7.070215281184649,1.5469351968879312e-12,2.7780793753573964e-10
ENSG00000309156,ENSG00000309156,64.64183112021362,-3.071723356087917,0.4057616757710086,-7.570264861143373,3.724640392223899e-14,9.284639031451858e-12
ENSG00000152518,ZFP36L2,2165.949768036996,-1.0948049670195843,0.120185518071735,-9.10929190625221,8.292139086732329e-20,4.467456805066451e-17
ENSG00000011523,CEP68,1136.7366995466764,-0.8757955756046193,0.16351053940630714,-5.356202595774918,8.498920925775124e-08,5.078942007671425e-06
ENSG00000143995,MEIS1,362.84237423284736,-1.2755605242081658,0.22397277635484492,-5.695158782097998,1.2325715774153474e-08,9.169618797417561e-07
ENSG00000168874,ATOH8,401.36705627423333,-1.8790113333036087,0.38594912907332335,-4.868546634151442,1.1242199462809815e-06,4.481183635515946e-05
ENSG00000196872,CRACDL,161.13676761211738,-1.5345859724595219,0.3167639296063717,-4.844572973843591,1.2688427769223863e-06,4.986253562063349e-05
ENSG00000144057,ST6GAL2,48.63510947524278,-2.4947493914213137,0.4596485894043934,-5.427514516369945,5.714422059052549e-08,3.6082956529023117e-06
ENSG00000227368,CDK8P2,8.277233098225036,-6.77746323771933,1.3764703077844362,-4.923799081891072,8.487998668329424e-07,3.588919234407693e-05
ENSG00000153234,NR4A2,448.9608084382523,-2.233641025251248,0.44205354469236974,-5.052874367981067,4.352101833264473e-07,2.036040021520073e-05
ENSG00000217236,SP9,23.44329354203083,-2.6846214805302986,0.5243605568734356,-5.119800574890081,3.0585892033716137e-07,1.511332176926361e-05
ENSG00000144331,ZNF385B,55.95339883988646,-2.8407682555488196,0.5890140675973241,-4.822920897520725,1.414710859341145e-06,5.4820866397415624e-05
ENSG00000115361,ACADL,62.541137191964346,-1.805240168916328,0.33245057257546523,-5.430100946830357,5.6322184375280785e-08,3.5698860050996283e-06
ENSG00000169047,IRS1,908.9348465566038,-1.5656480457555995,0.22745604999885524,-6.88329919456299,5.84820157794912e-12,9.171243066114294e-10
ENSG00000170876,TMEM43,3625.7490285783883,-1.072148132273017,0.17689771659364512,-6.0608364704665325,1.3541545552166986e-09,1.2392554687096818e-07
ENSG00000300859,ENSG00000300859,29.111135289992355,-2.701300869458387,0.5697568910247754,-4.741146464415334,2.125122289307256e-06,7.73262089648478e-05
ENSG00000168026,TTC21A,190.68884484229386,-1.3365257265772374,0.26662368030653744,-5.012779528962442,5.364935576265935e-07,2.4216884196487972e-05
ENSG00000284669,ENSG00000284669,329.72814705535814,-2.632230589316023,0.43806033368180886,-6.008831174447262,1.868655845288736e-09,1.6443959610699842e-07
ENSG00000012171,SEMA3B,344.31308190872727,-3.0310948251307166,0.4817621358935281,-6.2916833833545684,3.140415237600359e-10,3.3407417255275415e-08
ENSG00000163638,ADAMTS9,511.81722109352984,-2.332305950690085,0.44800159275669743,-5.2060215597419175,1.9293223982806853e-07,1.0132886174492097e-05
ENSG00000227124,ZNF717,235.29459454805695,-1.1410838722875631,0.24252891781339492,-4.704939446295343,2.5394131563006163e-06,9.014242046749148e-05
ENSG00000080224,EPHA6,22.16224045327683,-2.808687208365737,0.5344581398148415,-5.255205224002731,1.478595003724736e-07,8.136657151469086e-06
ENSG00000031081,ARHGAP31,1584.9760930429227,-0.7559311014857841,0.16118896249613932,-4.68972000178914,2.7357914923506803e-06,9.599122186868674e-05
ENSG00000144868,TMEM108,44.8202150527644,-1.561703936130901,0.3254630499235237,-4.798406259936006,1.5993312803985962e-06,6.084562956623497e-05
ENSG00000152580,IGSF10,2244.84146121015,-2.0604588094069376,0.3921240747318278,-5.254609298896217,1.4833903180019414e-07,8.14266947388133e-06
ENSG00000109501,WFS1,417.66598830260057,-1.2787461825239796,0.2616312685421665,-4.887589276500745,1.0207821004190923e-06,4.17857653189938e-05
ENSG00000174808,BTC,425.52308332408165,-4.146551678152218,0.5877216690157694,-7.055298275961576,1.722308722148938e-12,3.043930065922803e-10
ENSG00000152785,BMP3,123.50062459450992,-3.6764202674608653,0.6061465587385617,-6.0652332582928175,1.3176228090626412e-09,1.2158164279314752e-07
ENSG00000145284,SCD5,300.1931085185482,-1.4704797061778512,0.26082098794790165,-5.6378887211008335,1.721476873517287e-08,1.2473425597852049e-06
ENSG00000170509,HSD17B13,56.4371137853546,-4.18436213885389,0.668895425596239,-6.255629772208473,3.9591496321925945e-10,4.119859039380973e-08
ENSG00000155011,DKK2,892.5725702757198,-2.1359507153283603,0.3263897204651878,-6.544172752389661,5.982561072158813e-11,7.569526041413666e-09
ENSG00000138798,EGF,50.07601753580314,-1.8622022525003261,0.3583508661725529,-5.196589232195799,2.0297819178669872e-07,1.0610454679579182e-05
ENSG00000164056,SPRY1,1637.205026592887,-1.322726991719026,0.21795869294753364,-6.068704917575501,1.2894581443287712e-09,1.193123833656896e-07
ENSG00000145431,PDGFC,736.6097108023367,-1.4377148112992946,0.24739808271835634,-5.8113417674947065,6.197409408559778e-09,4.928858725574339e-07
ENSG00000249679,ENSG00000249679,31.89300292645281,-2.489004858534957,0.5262802854640448,-4.729428267183313,2.251529876749877e-06,8.12621494589613e-05
ENSG00000145536,ADAMTS16,67.35285521201085,-5.5300606172850415,1.1456709087115016,-4.826918947871793,1.3866152097967495e-06,5.398264318512916e-05
ENSG00000164236,ANKRD33B,847.5863817766772,-2.699475792303155,0.3995896519400643,-6.755619869525695,1.4222586338367033e-11,2.074572277119974e-09
ENSG00000039560,RAI14,1202.935356346571,-1.6019463095706123,0.23572098496065513,-6.795942710989426,1.0760653561283651e-11,1.6118300937558646e-09
ENSG00000168671,UGT3A2,130.45644150304022,-4.2792203674380005,0.585902944380389,-7.3036334916586085,2.8009870850591606e-13,5.7753933087797e-11
ENSG00000251141,MRPS30-DT,102.53485411360289,-2.127468727895681,0.3865910012708568,-5.503151187953066,3.730622334036839e-08,2.4774150660801696e-06
ENSG00000131711,MAP1B,7079.8759061877745,-1.5447683866897268,0.3208871237412872,-4.814055387074941,1.4789778730717062e-06,5.704653336514342e-05
ENSG00000145687,SSBP2,1189.4897628277,-1.0512508656444461,0.20843848056625702,-5.043458687611579,4.5719151260476645e-07,2.1230355672145173e-05
ENSG00000164176,EDIL3,652.2891269735995,-1.429322653623784,0.27452041528548526,-5.206616972866559,1.9231448297936433e-07,1.0124354905210545e-05
ENSG00000186952,TMEM232,31.132283030584617,-1.6392880075289977,0.3115754170585177,-5.261288014969163,1.430497500973244e-07,7.93736013704473e-06
ENSG00000061455,PRDM6,100.52923561649841,-2.6563505712619246,0.4575048917773323,-5.806168674923745,6.39185707662083e-09,5.071429974593007e-07
ENSG00000168916,ZNF608,432.98432254835893,-1.1645645964624376,0.24517780745155762,-4.749877684963526,2.035397211358388e-06,7.454865466118884e-05
ENSG00000120708,TGFBI,4894.132903217088,-1.0331469104755313,0.19063793108962318,-5.419419443813759,5.979288441124131e-08,3.7542513496028073e-06
ENSG00000120738,EGR1,4561.78236200919,-2.944348981002299,0.40924888627809863,-7.1945192271128455,6.268123422548114e-13,1.1762591386706442e-10
ENSG00000081853,PCDHGA2,78.17178927003229,-1.305113735205546,0.25550407529374264,-5.107995767602179,3.255939425573983e-07,1.5877101406196754e-05
ENSG00000262576,PCDHGA4,58.44155709420058,-1.4849529555117453,0.2749055073692647,-5.401684999773735,6.601780546214909e-08,4.0612016444178115e-06
ENSG00000253485,PCDHGA5,63.830763536841744,-1.9255420731628055,0.39586746684696184,-4.864107900807114,1.1497418318254999e-06,4.5720031438651395e-05
ENSG00000253537,PCDHGA7,61.061333509342106,-1.6109857179968192,0.3017156057146741,-5.33941794021849,9.324546289839648e-08,5.512704773796703e-06
ENSG00000254122,PCDHGB7,282.84371361194826,-0.9323685425612771,0.1898496139997276,-4.9110900091828205,9.057149794369596e-07,3.770620372050612e-05
ENSG00000186314,PRELID2,192.92037180869946,-0.959722009188575,0.17206590011406814,-5.577642104288786,2.4380060328213607e-08,1.707268669063562e-06
ENSG00000169252,ADRB2,729.7990594863738,-3.086028787261848,0.3966171453026634,-7.780875899620682,7.202412211910567e-15,2.0216989505415856e-12
ENSG00000303982,ENSG00000303982,15.559361872191626,-2.9133331067651147,0.5825207506503204,-5.001252064433238,5.695918365866677e-07,2.5300633134979335e-05
ENSG00000120129,DUSP1,11208.926463815968,-3.0329777411030547,0.3138446465861338,-9.663946076807342,4.290128641005966e-22,2.703833339538156e-19
ENSG00000198939,ZFP2,39.14130863546202,-1.4753486215295826,0.25528559404852297,-5.779208290339948,7.505296231231799e-09,5.871180562338074e-07
ENSG00000247925,ENSG00000247925,13.822226642372657,-2.633399105111131,0.5503291195274402,-4.785134952285268,1.7087248355982522e-06,6.449326065930895e-05
ENSG00000293489,CMAHP,353.07294205305834,-1.6389561979929894,0.2970301849866532,-5.517810245671276,3.4324976338225586e-08,2.3069561058868194e-06
ENSG00000291336,ENSG00000291336,33.85759364994815,-2.7279598024794636,0.4898655528849082,-5.568792878809313,2.56510179152814e-08,1.777636828680798e-06
ENSG00000189298,ZKSCAN3,166.17444470595765,-1.2579582216175849,0.2169287297099252,-5.798947070310665,6.673258925512004e-09,5.269665907538474e-07
ENSG00000204681,GABBR1,417.3005805192285,-1.3207922458037464,0.2591036370604906,-5.097544213535655,3.440880664869658e-07,1.6609210527260287e-05
ENSG00000164627,KIF6,18.151071073885415,-2.3969248084774133,0.47353170334854944,-5.061804292147097,4.15307228261991e-07,1.9511262089501103e-05
ENSG00000124749,COL21A1,449.50444459723786,-1.4177221962891944,0.2474048148154575,-5.730374315256119,1.002092545550233e-08,7.642213995208774e-07
ENSG00000216316,RPL13AP15,29.55134543828311,-2.147810301600071,0.43678442439708764,-4.917323470416295,8.773551270436533e-07,3.676996426956038e-05
ENSG00000118523,CCN2,3963.2710368854205,-3.0439987217541282,0.5211710653790643,-5.840690176343791,5.198500396903229e-09,4.1842291266929773e-07
ENSG00000118503,TNFAIP3,2233.2979923539788,-2.1338238387061463,0.35595735278086726,-5.994605314473615,2.0398024040818967e-09,1.7624438122829193e-07
ENSG00000118495,PLAGL1,1580.4657299405008,-1.2441040387597375,0.2530721885341781,-4.9160045833788555,8.832833027977448e-07,3.692654838967843e-05
ENSG00000152818,UTRN,11337.801747284611,-0.8402499646329455,0.16965891695385435,-4.952583570137287,7.323458797002637e-07,3.16462476321189e-05
ENSG00000111962,UST,692.5863473490123,-1.8102288620723077,0.32220863149246526,-5.6181886055856305,1.9296979252612288e-08,1.3861870924193725e-06
ENSG00000131018,SYNE1,8143.497379419621,-1.2810583147349293,0.24899175366618992,-5.144982899523558,2.6754518100057495e-07,1.3540623759033644e-05
ENSG00000307615,ENSG00000307615,68.66612114152849,-1.9372582532107714,0.3902139725826757,-4.964605035511175,6.884102177272464e-07,3.000150455784261e-05
ENSG00000164694,FNDC1,437.7917818097423,-3.1457957088126167,0.6592704673405939,-4.771631469406361,1.8273963942723682e-06,6.820170028813399e-05
ENSG00000073067,CYP2W1,60.24594695011183,-4.087475770079764,0.7285893958113018,-5.610122510125557,2.021834348561383e-08,1.4449257977837208e-06
ENSG00000164849,GPR146,70.56343169261655,-1.4534280685084306,0.283133954154275,-5.133358423400119,2.846171455073723e-07,1.4253473030558856e-05
ENSG00000157927,RADIL,82.12274101057098,-1.7518016503442004,0.32253080252289845,-5.431424337276528,5.590601926143388e-08,3.550244793516494e-06
ENSG00000136244,IL6,349.47216230596115,-5.886718488052501,0.9682230211698432,-6.079919976432649,1.2024254218757704e-09,1.1328063700060616e-07
ENSG00000153814,JAZF1,381.31112396684335,-1.1829948828694208,0.2363342980440661,-5.00559966395078,5.568838990344281e-07,2.493511109845443e-05
ENSG00000153956,CACNA2D1,783.2865166320161,-1.2624278107027376,0.18793519720849064,-6.71735699035786,1.8505022891878077e-11,2.575513665239181e-09
ENSG00000004799,PDK4,2738.167859101708,-4.359468364815605,0.5927407102886292,-7.354764552434411,1.912639450563019e-13,4.0953779209715716e-11
ENSG00000197093,GAL3ST4,280.4000898735675,-1.6623883308245324,0.27604614074865536,-6.022139365238092,1.7212658205472738e-09,1.5250780425395383e-07
ENSG00000128606,LRRC17,217.87629136639868,-2.647861899277095,0.5179193696558004,-5.112498304585161,3.179258411754295e-07,1.557681337925754e-05
ENSG00000184903,IMMP2L,147.81399541248737,-0.9508121617644996,0.20283692066317083,-4.6875694950201385,2.764688324682489e-06,9.670040220876355e-05
ENSG00000146966,DENND2A,273.50966205369514,-2.285676344861815,0.37243790734770094,-6.137066876836335,8.4059005777046e-10,8.282839083644099e-08
ENSG00000168490,PHYHIP,322.13330133878594,-3.1592208693105714,0.5168599972752147,-6.112333873709262,9.81844960738655e-10,9.56168140628376e-08
ENSG00000253837,LOXL2-AS1,25.116458070576673,-2.1039223475541275,0.38021898772143786,-5.533448921534495,3.139944519680038e-08,2.1231491253213015e-06
ENSG00000020181,ADGRA2,2277.235938563192,-1.6913537332034647,0.3050672723289704,-5.5441992197038665,2.9530247009672385e-08,2.0130588589062993e-06
ENSG00000253586,ENSG00000253586,16.157528015247173,-2.7128062586267037,0.5505636393587461,-4.927325498259148,8.336281723993591e-07,3.533715969880177e-05
ENSG00000254254,PENK-AS1,50.34194615657476,-2.7881694253880904,0.5026976085001246,-5.5464147396822145,2.9158671184584954e-08,1.9958751917596134e-06
ENSG00000164879,CA3,38.49161034104601,-3.1515579925485495,0.6471646555564649,-4.869793128363416,1.1171514484267834e-06,4.463661463133953e-05
ENSG00000132561,MATN2,2015.5667788882017,-1.2090355209009094,0.23025758021265574,-5.2507957383392005,1.5144354438667946e-07,8.292899529751236e-06
ENSG00000147642,SYBU,365.46036224385944,-1.4499473245536871,0.29576953876339135,-4.902287539872762,9.472704270886711e-07,3.9063795155608494e-05
ENSG00000172164,SNTB1,450.8339119738871,-1.7903456833128242,0.31043990003451594,-5.767124918909478,8.063528472987935e-09,6.263861432167814e-07
ENSG00000136997,MYC,2597.607536785582,-1.507440305224462,0.29660101622097473,-5.0823841550879365,3.727266318260684e-07,1.7811427300266326e-05
ENSG00000196378,ZNF34,156.9022270551644,-0.8608647822812208,0.18197277675070375,-4.730733891369779,2.237096137847806e-06,8.08719938230847e-05
ENSG00000122707,RECK,1345.5311042917165,-1.896259526730479,0.3502448329336837,-5.414097078455749,6.159874172954349e-08,3.853151254666556e-06
ENSG00000180071,ANKRD18A,127.48676224773047,-3.608896988454713,0.5984285491962822,-6.030623026427519,1.6332877720076493e-09,1.458735600223837e-07
ENSG00000107282,APBA1,271.65512967712596,-1.4698679641471002,0.23382443723455323,-6.2862033649316595,3.2532372985383604e-10,3.4497741423199004e-08
ENSG00000119138,KLF9,2653.9247228485438,-2.0494818688971668,0.3641755298223855,-5.627730863456788,1.8259569060632184e-08,1.317331285814896e-06
ENSG00000196781,TLE1,615.8442640062469,-0.9495260249261788,0.1481991330401872,-6.407095678951749,1.483177501372319e-10,1.732257974767118e-08
ENSG00000288575,ENSG00000288575,90.80909850779695,-4.007983967054335,0.7588508975796627,-5.281648845428933,1.280264076377565e-07,7.248247617498271e-06
ENSG00000226237,GAS1RR,124.40122976070643,-1.6332690580468554,0.30223672122652434,-5.4039398370217615,6.519281878390068e-08,4.032658751553027e-06
ENSG00000106809,OGN,975.1817720053924,-3.0382784999404144,0.5942921675153043,-5.112432345597373,3.1803690460897656e-07,1.557681337925754e-05
ENSG00000165238,WNK2,297.017143470103,-2.248756491391933,0.47584794301897965,-4.725787984129711,2.292247179846457e-06,8.254866996519181e-05
ENSG00000197694,SPTAN1,9458.197206450135,-0.827404253632937,0.12283243093127522,-6.736040696742947,1.6276071721423314e-11,2.3233744603021493e-09
ENSG00000175287,PHYHD1,173.85446206588887,-1.728194963495023,0.26872062573078526,-6.431195814594433,1.266039355427836e-10,1.520732512435007e-08
ENSG00000175164,ABO,93.41379596833292,-1.6675469547216306,0.3497692793613371,-4.7675626566361,1.8646801373890178e-06,6.905311599690173e-05
ENSG00000107331,ABCA2,660.921794257748,-1.0954433536817128,0.1702367879228863,-6.434821562645588,1.2361846659358172e-10,1.4906958987817366e-08
ENSG00000067082,KLF6,6250.826147509129,-1.5882375781059348,0.21097520670108375,-7.528076890836748,5.149306814170673e-14,1.2463934457517609e-11
ENSG00000298309,ENSG00000298309,97.4387243089463,-2.3149261154269825,0.4070870386824983,-5.686563057667075,1.2962153784948779e-08,9.621662730636535e-07
ENSG00000298322,ENSG00000298322,111.77311452402854,-2.555864328994869,0.41088970445648315,-6.220317280462687,4.961505535597869e-10,5.083716852931767e-08
ENSG00000226005,LINC02660,84.1798378450377,-3.7907343766873898,0.63237549425788,-5.994435918387351,2.0419296331272332e-09,1.7624438122829193e-07
ENSG00000151474,FRMD4A,757.8809483994988,-0.9591914466391787,0.18382474972596421,-5.2179668301960875,1.8089784918517664e-07,9.621864420911554e-06
ENSG00000235020,CACNB2-AS2,26.862758603129443,-3.355768333784379,0.5535936021616374,-6.061790310944683,1.3461464274739564e-09,1.2353112394756199e-07
ENSG00000095777,MYO3A,32.86059150284308,-2.914387960329634,0.5843609542109264,-4.987307826315992,6.122647116027276e-07,2.7052219790563375e-05
ENSG00000107736,CDH23,308.0180844044368,-1.556430143544525,0.33124864966915574,-4.698676191130303,2.618532339764891e-06,9.25574981430335e-05
ENSG00000119943,PYROXD2,92.35671939832054,-1.7798713670762427,0.36657879782919,-4.855358186606271,1.2016932885950212e-06,4.767240014125831e-05
ENSG00000186862,PDZD7,28.291679316880042,-2.5677686707771734,0.44320850528298683,-5.793590691897177,6.889725264719868e-09,5.427771061732022e-07
ENSG00000228261,ITPRIP-AS1,76.60293996566702,-2.0390473699479963,0.4169358909645483,-4.89055371373959,1.0055271394080118e-06,4.1262436164184054e-05
ENSG00000165868,HSPA12A,646.1112984042161,-0.9876860982986124,0.19809095626161477,-4.986023173083153,6.163475534117048e-07,2.7196641118376715e-05
ENSG00000229847,EMX2OS,675.2981171193126,-1.3153475112962252,0.27899567765902966,-4.714580248457316,2.4220953387118964e-06,8.662232398179172e-05
ENSG00000051009,FHIP1B,589.1717712605363,-0.7975171279151966,0.1581630256400389,-5.0423739978916124,4.5979151341516076e-07,2.127438035984467e-05
ENSG00000166483,WEE1,1957.3124613730158,-2.1128919154932295,0.4099907298115778,-5.153511437842181,2.556534733932048e-07,1.2978104820293648e-05
ENSG00000121671,CRY2,1591.3353084917858,-1.3500678267145816,0.22544682981374622,-5.988409009033063,2.11903632450236e-09,1.815341780974572e-07
ENSG00000124942,AHNAK,182628.663919601,-0.794301772881939,0.11485007818204894,-6.915988090342357,4.64613433352359e-12,7.42558971974586e-10
ENSG00000174080,CTSF,803.3256356774352,-1.2949895183825606,0.26085159591637125,-4.964468451240501,6.888948296819232e-07,3.000150455784261e-05
ENSG00000184384,MAML2,1204.1529313225062,-1.2051852346433227,0.19456723040710638,-6.194184046931391,5.858773621284218e-10,5.948346968746406e-08
ENSG00000152578,GRIA4,51.113091277001885,-1.8521911839028076,0.38015283285079166,-4.872227756434436,1.1034685405288689e-06,4.420383886497507e-05
ENSG00000109906,ZBTB16,1903.5025880686583,-2.6204940048803222,0.5027268503683897,-5.212560265997467,1.8625203143190205e-07,9.843950325822506e-06
ENSG00000286463,ENSG00000286463,53.63010003535326,-4.6985237651515135,0.7263641972858347,-6.468550876692753,9.894720399765902e-11,1.206253085815257e-08
ENSG00000302894,ENSG00000302894,40.07096408357706,-3.875268929699007,0.7474370325371891,-5.184743009781484,2.1631293015073036e-07,1.1202326830736195e-05
ENSG00000019144,PHLDB1,1495.5831131194352,-1.4550170786765075,0.30126815763470677,-4.829641108107889,1.3677935589202636e-06,5.3312713094076024e-05
ENSG00000109944,JHY,211.49234493512395,-1.3105850239732577,0.2777204084551507,-4.71908071597448,2.369128103307132e-06,8.500105911360702e-05
ENSG00000134917,ADAMTS8,27.302749226917086,-3.132870782506324,0.5627549575948518,-5.567024759578917,2.5912558764595892e-08,1.7883413231690013e-06
ENSG00000182667,NTM,234.35734266787472,-1.740852646961219,0.2913031499253219,-5.976085900229715,2.285625132403672e-09,1.937734423798981e-07
ENSG00000237654,NTM-AS2,23.147771258473462,-3.9393110547301706,0.7679115516801156,-5.129902065037753,2.8989295893740283e-07,1.4474281774867066e-05
ENSG00000178878,APOLD1,1802.0140578647886,-3.4574072411479517,0.509319827525611,-6.7882832245993745,1.1347571923639196e-11,1.6771811724129206e-09
ENSG00000084444,FAM234B,408.041449511315,-1.3491989718342816,0.2662509939882909,-5.067395060668267,4.0329670593058754e-07,1.900045115401892e-05
ENSG00000110841,PPFIBP1,2266.157422905761,-0.8192171918925595,0.10633664273128758,-7.703997143888764,1.3187479748904713e-14,3.5813120817289768e-12
ENSG00000139209,SLC38A4,114.90778610353875,-1.3002946974253964,0.2768689900936184,-4.696425905211431,2.647532112938989e-06,9.328640840559183e-05
ENSG00000123358,NR4A1,1879.4439151306503,-3.743341640755507,0.6128114944286672,-6.108471650397937,1.0058972244323284e-09,9.767437496428217e-08
ENSG00000189182,KRT77,2878.7472007277756,-3.636728548477793,0.5725004566056157,-6.3523592104015805,2.1203746549463514e-10,2.32219260980895e-08
ENSG00000249388,FLJ12825,21.343284173688073,-2.756710298834003,0.5378055515837495,-5.125849464952418,2.9619920295183e-07,1.4723127940773777e-05
ENSG00000196935,SRGAP1,576.7683915687912,-1.3263172531238756,0.263703688502107,-5.02957414307566,4.915703931024399e-07,2.2493049096987397e-05
ENSG00000074590,NUAK1,1500.9514136158662,-1.3536685777557793,0.24363209832390817,-5.556199643103188,2.757115107936465e-08,1.8949776944527106e-06
ENSG00000175727,MLXIP,1355.4012072173402,-1.2599045463236276,0.24995374736723106,-5.040550740263881,4.641940284845722e-07,2.1416399355621776e-05
ENSG00000139364,TMEM132B,230.4847085642093,-2.549781171005859,0.5265693540652153,-4.842251360283436,1.2837622306848974e-06,5.0389553221583576e-05
ENSG00000181234,TMEM132C,83.05729066686057,-2.3326857118375774,0.4591508646309461,-5.08043410462165,3.7657334482819747e-07,1.7943907899138774e-05
ENSG00000111452,ADGRD1,752.2326745911643,-2.5994274056926225,0.45544308481916307,-5.707469258699457,1.1466832274726081e-08,8.568827706323832e-07
ENSG00000289688,ENSG00000289688,42.40183481249232,-3.7251010811991883,0.7914979792587876,-4.706393672271439,2.521373977931014e-06,8.969271031398261e-05
ENSG00000180440,SERTM1,100.47031094059987,-6.135515660521117,1.025836715866235,-5.98098660890703,2.217901093241154e-09,1.8851030589703373e-07
ENSG00000102760,RGCC,602.8139551620329,-1.8792859791185568,0.31767906981018446,-5.915674520960552,3.3051823860470036e-09,2.7192858926386224e-07
ENSG00000120658,ENOX1,59.52822698183901,-2.525765208415203,0.4186156082816059,-6.033614510417638,1.6033228076987514e-09,1.4358121111410563e-07
ENSG00000102804,TSC22D1,1992.1187020204798,-1.1021975116116507,0.2087398411427012,-5.280245043676897,1.2901122920023554e-07,7.2793278529991005e-06
ENSG00000136158,SPRY2,399.22945926027427,-1.6868636092122564,0.23483786548704233,-7.183098882770814,6.814877320262893e-13,1.2646519284930079e-10
ENSG00000286334,ENSG00000286334,38.80093300691575,-1.6901944375676252,0.33155128336654627,-5.097837114082385,3.435562346395283e-07,1.660753821369633e-05
ENSG00000102606,ARHGEF7,1427.5157106526515,-0.764705999174576,0.11711496159256891,-6.529532937345023,6.597510243271847e-11,8.316099420981491e-09
ENSG00000126217,MCF2L,704.4981861675583,-1.264611843492998,0.26427182672377236,-4.785269240276685,1.7075827328549057e-06,6.449326065930895e-05
ENSG00000092096,SLC22A17,176.4727630206358,-1.4394525385152064,0.272412938788981,-5.2840828519905525,1.263360692296915e-07,7.189103442043245e-06
ENSG00000125384,PTGER2,125.31501786276998,-1.8985155309006703,0.31884334569196626,-5.954383419169178,2.610541363973572e-09,2.1909525924826438e-07
ENSG00000307190,ENSG00000307190,29.78596368833857,-3.0167257236158207,0.5574682763402031,-5.411475148721862,6.250767021804533e-08,3.897301262440634e-06
ENSG00000295290,ENSG00000295290,28.462696132092525,-2.1947219946171743,0.4585244550040377,-4.786488420989122,1.6972472640069397e-06,6.427794825354172e-05
ENSG00000285774,SAMD4A-AS1,42.8617728492492,-2.5542016035900277,0.4662987865329058,-5.477607228149591,4.311157599494717e-08,2.796225190212078e-06
ENSG00000185650,ZFP36L1,7735.926144628648,-1.15220709581464,0.17439569069403307,-6.606855314080662,3.9256936345338145e-11,5.1625962391469685e-09
ENSG00000100626,GALNT16,967.421073374534,-2.178468910710104,0.37388983657730845,-5.826499405954476,5.660206850132141e-09,4.523155249161816e-07
ENSG00000258740,FOS-AS1,58.276333254160946,-4.367030102697002,0.6424686022136246,-6.797266181803137,1.0662299410186963e-11,1.6042918342273656e-09
ENSG00000289340,ENSG00000289340,31.492893423793383,-3.526601127036052,0.7291835082569847,-4.836369839830742,1.3223179051003233e-06,5.178122506924513e-05
ENSG00000258820,ENSG00000258820,37.931024594917005,-3.6379820572042973,0.7110413999863097,-5.116413836485952,3.1139943777939373e-07,1.5364365465502347e-05
ENSG00000170345,FOS,17709.812975913253,-4.687840661120269,0.48817594843093415,-9.602768584129647,7.782533673843138e-22,4.814073561247822e-19
ENSG00000070778,PTPN21,1635.2203988014016,-1.3956233679984804,0.25768773663752836,-5.415947946182662,6.096483698799411e-08,3.8206537521762985e-06
ENSG00000227051,C14orf132,1575.1333848028664,-1.6985313764559224,0.23729913234942251,-7.157764799387628,8.200308831633032e-13,1.5050270104562537e-10
ENSG00000246223,LINC01550,165.75922214037678,-2.3328403807602824,0.477680347452123,-4.88368506932159,1.04121330100587e-06,4.225959646840714e-05
ENSG00000214548,MEG3,1034.8839940297894,-1.9837066871109996,0.36841625257861016,-5.384416874192405,7.267988223457763e-08,4.414047465966539e-06
ENSG00000259380,LINC02895,22.5157534235006,-3.4894879391078386,0.739211580577216,-4.720553669333832,2.3520353697340095e-06,8.447853489809153e-05
ENSG00000166949,SMAD3,1521.3020286268313,-0.8756256392882503,0.14340582296659882,-6.1059280660604385,1.0220503482776353e-09,9.895521096671842e-08
ENSG00000156218,ADAMTSL3,258.73850535510917,-2.4443742830736204,0.32186270416283425,-7.594462643416374,3.090722947585389e-14,7.821168077135966e-12
ENSG00000259367,AKAP13-AS1,41.95648039603806,-1.6556020035327297,0.3365738234798102,-4.918986231358075,8.699358787299307e-07,3.664371772662783e-05
ENSG00000259276,ENSG00000259276,50.74444221659694,-2.446381307944684,0.3840340463151166,-6.370219857895938,1.887574205304976e-10,2.1300892290473686e-08
ENSG00000176463,SLCO3A1,603.7387318209037,-1.2028593294519823,0.25668906248077916,-4.686056031476029,2.78520042619213e-06,9.722317785439018e-05
ENSG00000196557,CACNA1H,619.5702772073234,-3.0767514514972345,0.4661922838070351,-6.599747697177146,4.118580913416759e-11,5.3950179706219605e-09
ENSG00000167972,ABCA3,334.0552480510099,-1.518588198830802,0.28812276133018133,-5.270629060404356,1.3595698757434854e-07,7.599995774290091e-06
ENSG00000153446,C16orf89,32.27942058801136,-4.679404215219424,0.9640578077637814,-4.853862680780235,1.2107959294172538e-06,4.797653194581794e-05
ENSG00000205730,ITPRIPL2,1903.540024917955,-1.0020814469045098,0.19195169401599627,-5.220487644255964,1.7845261337275116e-07,9.52212882506391e-06
ENSG00000103528,SYT17,74.62834028163765,-2.4520414107873534,0.4608941567121492,-5.320183332935533,1.0366273653604175e-07,6.0641793143842425e-06
ENSG00000140743,CDR2,390.97113891084376,-1.0091745979151632,0.1844989967230933,-5.469810762330542,4.5051634254817495e-08,2.905134631300519e-06
ENSG00000102935,ZNF423,449.4156775512751,-2.0914435708389925,0.4017008715790911,-5.206470084611721,1.924667055297038e-07,1.0124354905210545e-05
ENSG00000125124,BBS2,697.1377316861598,-1.2714059323877347,0.24095586872708286,-5.276509508169666,1.3166768458851005e-07,7.4042014618013485e-06
ENSG00000260823,ENSG00000260823,20.21588794788993,-4.012501180633711,0.7065724780621648,-5.67882461490481,1.3562345073606068e-08,9.95654972513546e-07
ENSG00000157368,IL34,465.4096212997483,-2.557945413839262,0.44547504087192163,-5.742062246254322,9.353042619232293e-09,7.165589050693034e-07
ENSG00000285848,ENSG00000285848,37.92440236532865,-2.9807698142012886,0.5741466005960186,-5.191652813248336,2.0843540982000392e-07,1.0861728540121046e-05
ENSG00000174282,ZBTB4,1945.4617390865014,-0.7917445189339939,0.1614217732674498,-4.904818618379325,9.351371183870702e-07,3.870679698325069e-05
ENSG00000179094,PER1,2429.0073094053955,-1.977598469000911,0.3809674147755914,-5.190991124964885,2.0917759765600461e-07,1.0883425692373088e-05
ENSG00000301902,ENSG00000301902,87.84912255436828,-3.0624296484369204,0.4115663986493352,-7.440912714174673,9.999200284562354e-14,2.272131204797526e-11
ENSG00000108684,ASIC2,39.16785318567972,-3.647480765481816,0.6741646902898688,-5.410370519277001,6.289448380865588e-08,3.91222428800844e-06
ENSG00000271447,MMP28,487.62790015270684,-1.6455999891733308,0.3198705643967373,-5.144580878446457,2.681187243676984e-07,1.3549122163470847e-05
ENSG00000120093,HOXB3,117.00074734092227,-1.4863143995056909,0.25951592344521884,-5.72725703985342,1.0206746147250949e-08,7.766194568488006e-07
ENSG00000108821,COL1A1,94785.64519580686,-3.0503486295670985,0.5915058207323541,-5.156920731211751,2.5104401576155193e-07,1.2763505720674459e-05
ENSG00000108854,SMURF2,1176.7272478144532,-1.1453229569417025,0.21468762125310673,-5.334834632088172,9.563167162981496e-08,5.643789271114326e-06
ENSG00000154864,PIEZO2,512.2896210419067,-2.3774981954911523,0.40333351931553085,-5.894620907099014,3.755425374945181e-09,3.06705314912699e-07
ENSG00000170558,CDH2,22.454489097056783,-2.7616442481057035,0.5295845654683884,-5.214737037630961,1.8407817854019696e-07,9.744474481423454e-06
ENSG00000129946,SHC2,163.85978067850826,-1.454293454694821,0.2727187765733683,-5.332575457280915,9.6829511597362e-08,5.704402426607906e-06
ENSG00000141905,NFIC,3534.280876586066,-0.7560885380636037,0.15979624391438335,-4.731578912885497,2.2278017923776156e-06,8.06232538145065e-05
ENSG00000267262,RFX2-AS1,42.67326840649539,-2.942372198068167,0.6021494749043105,-4.886448167269013,1.0267134113278283e-06,4.19617149284512e-05
ENSG00000171105,INSR,1411.528435356252,-0.8477612031549578,0.1373340541431795,-6.172986069945279,6.701211828810415e-10,6.721939300833462e-08
ENSG00000039987,BEST2,15.305246095833313,-3.819399926246841,0.7718698258838855,-4.948243600367666,7.488615179271391e-07,3.227641455912288e-05
ENSG00000008441,NFIX,4755.2562843808455,-0.9778597374159338,0.14635000988416758,-6.681651324724102,2.3626463446598526e-11,3.221203095945839e-09
ENSG00000127528,KLF2,516.1099658088407,-2.24575745927399,0.39302963145536873,-5.713964748556145,1.1037387231817043e-08,8.284985296727746e-07
ENSG00000130304,SLC27A1,312.6369753544236,-1.0552827937752867,0.1979470136672936,-5.331137733398648,9.75993577520417e-08,5.729545425292529e-06
ENSG00000130518,IQCN,402.92536378608395,-2.0297958966315184,0.4155207635353941,-4.88494456777879,1.0345795614245658e-06,4.214397693934728e-05
ENSG00000105708,ZNF14,180.09421940232718,-1.0122571241239129,0.16595446926720592,-6.099607492305987,1.0632923632808145e-09,1.020607896858306e-07
ENSG00000291130,ENSG00000291130,41.28230489554073,-1.5345839932825498,0.296193352647663,-5.181021044412213,2.206745910876356e-07,1.139288000942858e-05
ENSG00000237440,ZNF737,375.9386393255046,-1.2338844197412728,0.22371485412728223,-5.5154335842145565,3.479211189589926e-08,2.324321827317446e-06
ENSG00000188171,ZNF626,265.9032756173374,-1.4819667817416107,0.30357884907228355,-4.881653600935642,1.0519993343581194e-06,4.259385910977486e-05
ENSG00000160321,ZNF208,91.60856743583382,-2.15088103388168,0.37870929926252267,-5.6795041422805985,1.3508577890156556e-08,9.938921305394261e-07
ENSG00000269067,ZNF728,25.03124399923748,-3.0129007087177055,0.6000815688841746,-5.020818610243374,5.14517300700332e-07,2.3351116026213574e-05
ENSG00000142065,ZFP14,232.51834994257166,-1.0504096103423157,0.22275493787249961,-4.715539059985053,2.4107163848833527e-06,8.630778071195995e-05
ENSG00000245680,ZNF585B,298.1308045525179,-1.180753664390516,0.19936014480594044,-5.922716727256974,3.166660558499032e-09,2.6182168969193855e-07
ENSG00000181666,ZNF875,519.0863024546003,-0.5859818846211258,0.11461679792159689,-5.1125305823145055,3.178715047544923e-07,1.557681337925754e-05
ENSG00000291089,ENSG00000291089,34.94729386707337,-2.274396434747299,0.3790844789323587,-5.999708669563143,1.976718565124579e-09,1.721367373283196e-07
ENSG00000128016,ZFP36,4916.496397917431,-1.923454821094931,0.3094015940645502,-6.216693313783129,5.077407571848804e-10,5.186564071023413e-08
ENSG00000307861,ENSG00000307861,19.482952721668326,-4.785665469025944,0.9925428774799283,-4.821620886723578,1.4239638338082437e-06,5.5115485446925574e-05
ENSG00000090006,LTBP4,2010.3996539112525,-1.701331120586653,0.3487749823997919,-4.878019371918312,1.0715640296451722e-06,4.3269806117599866e-05
ENSG00000125740,FOSB,3689.8387782284035,-3.5093783889847483,0.5523632587747153,-6.3533885232871175,2.1062284044130223e-10,2.3142877431779007e-08
ENSG00000299344,ENSG00000299344,206.29802494253437,-4.795559676097545,0.6847333243838799,-7.003543577220473,2.495682377447418e-12,4.297076208962686e-10
ENSG00000105509,HAS1,126.55948973207875,-3.5490932915551308,0.5918402099014297,-5.996708625367357,2.013568768322557e-09,1.7469931835916459e-07
ENSG00000161551,ZNF577,265.8187059157572,-1.1728020351428976,0.2424960730644706,-4.836375370215144,1.322281133473286e-06,5.178122506924513e-05
ENSG00000182986,ZNF320,336.8359850396287,-1.215274708118747,0.19742372269870107,-6.155667067292835,7.476213533735992e-10,7.454565990071144e-08
ENSG00000197937,ZNF347,365.0618998106344,-0.9144623509094969,0.16673846046591054,-5.484411624973936,4.1484780609962236e-08,2.7012010267340517e-06
ENSG00000179820,MYADM,2068.8020993822047,-1.9198227935945789,0.3140375986199681,-6.113353311932078,9.755904721663841e-10,9.528552205196998e-08
ENSG00000198046,ZNF667,101.11404694494938,-1.6001306207036745,0.30745771747974265,-5.204392440756026,1.9463231335702255e-07,1.0206127414544151e-05
ENSG00000166770,ZNF667-AS1,141.6588286858625,-1.5726872021825415,0.3010280941268171,-5.224386802648394,1.747331801183751e-07,9.383621246775053e-06
ENSG00000196263,ZNF471,185.7214840435743,-1.7911589043860066,0.2536181968094089,-7.062422676761011,1.6362437038732193e-12,2.9072047042806993e-10
ENSG00000196867,ZFP28,210.87565064852973,-1.0778123278904086,0.21045168749342058,-5.121424022433199,3.032369165770542e-07,1.5005959591738284e-05
ENSG00000176293,ZNF135,123.89400973357549,-1.9865215848804187,0.3193418468688344,-6.220674190865933,4.950231462440697e-10,5.083716852931767e-08
ENSG00000121413,ZSCAN18,287.96928404879606,-2.1138830760773537,0.23614870914797345,-8.951491133295887,3.507122868111986e-19,1.6978032632397778e-16
ENSG00000101230,ISM1,408.9309949510388,-1.3104441391289414,0.25848907757558626,-5.069630606522424,3.985885392015374e-07,1.880515956913694e-05
ENSG00000293164,ENSG00000293164,62.41744878355075,-1.5880572782556304,0.2863047737791683,-5.546736986930318,2.910500481543297e-08,1.9958751917596134e-06
ENSG00000131067,GGT7,137.6479348409777,-1.0072941611595876,0.21113561254337476,-4.770839694097809,1.8345950741350695e-06,6.831770263247907e-05
ENSG00000132821,VSTM2L,19.13853808938393,-3.142929747116256,0.633633749615929,-4.960167839893807,7.043229819290082e-07,3.055389683814891e-05
ENSG00000304242,ENSG00000304242,27.901332526065882,-5.273719041712011,0.8765802320916747,-6.016242265842556,1.7851235159141359e-09,1.5774730370920603e-07
ENSG00000231290,APCDD1L-DT,35.8402452184154,-2.222614080463116,0.3982134087339693,-5.581464691330765,2.3850147668772275e-08,1.6736690810504208e-06
ENSG00000275993,ENSG00000275993,455.1764370424366,-2.2104563035311853,0.4651635678209236,-4.751997913091413,2.0141645218703535e-06,7.393311815828068e-05
ENSG00000281383,ENSG00000281383,66.84272222219705,-27.178451458983954,2.73847353778289,-9.924671932739596,3.2517027504346037e-23,2.36123102114711e-20
ENSG00000154734,ADAMTS1,3050.7897927540184,-3.176631082089111,0.5877155133347355,-5.405048888474464,6.479071855853633e-08,4.015221469407772e-06
ENSG00000142149,HUNK,382.2360029498019,-1.6628124186767337,0.2735173530679568,-6.07936717734907,1.2065778002274394e-09,1.1328063700060616e-07
ENSG00000099889,ARVCF,216.15802077818083,-1.1156008628519973,0.23747889791620394,-4.6976841843254835,2.631278705864349e-06,9.281161838646976e-05
ENSG00000128342,LIF,134.17573913073198,-2.2075595343217462,0.2973091841654783,-7.425130644780379,1.1266865013378274e-13,2.542885757039692e-11
ENSG00000280434,ENSG00000280434,61.51213530552333,-1.7421879517396268,0.36800910646007007,-4.734089241698313,2.200409015298361e-06,7.989158949783821e-05
ENSG00000238120,LINC01589,47.39458358492292,-1.9666152785065143,0.39669217722152156,-4.957534812712764,7.139325279851894e-07,3.093059433500555e-05
ENSG00000101825,MXRA5,7813.095155590611,-1.5131986574236327,0.28638897253632317,-5.283718308084335,1.2658785124252659e-07,7.191180263697475e-06
ENSG00000047230,CTPS2,377.5383936550774,-0.775405614450087,0.15238411432233773,-5.088493757360256,3.609186602562405e-07,1.729665137523558e-05
ENSG00000169083,AR,1038.727140309972,-2.175990430192496,0.2168629642244638,-10.03394211627689,1.0811203989099611e-23,9.259657611484469e-21
ENSG00000158813,EDA,119.94945969386814,-1.6342446130423078,0.2775407515030057,-5.8883050658043965,3.901764019523944e-09,3.1787956961989827e-07
ENSG00000147160,AWAT2,98.19361325477352,-5.69909922009326,1.1941579084071479,-4.772483756101503,1.8196778898124305e-06,6.806573410235679e-05
ENSG00000186310,NAP1L3,117.95326202311605,-1.6482431078129485,0.3510697105108141,-4.694916873958505,2.6671516173341594e-06,9.378623470803254e-05
ENSG00000196440,ARMCX4,281.0343373074085,-1.3922679827072686,0.2645001217128515,-5.263770669333576,1.411304764259061e-07,7.870085649506748e-06
ENSG00000198932,GPRASP1,263.98747733864013,-1.1713335350030905,0.2436700717980186,-4.80704719442946,1.5317584096943198e-06,5.8743198804844274e-05
ENSG00000157514,TSC22D3,4265.176063300647,-2.2763574014277954,0.30740630355005394,-7.405044643325422,1.3110635605976265e-13,2.9002288817644053e-11
ENSG00000022267,FHL1,5057.568878208367,-2.220308049910833,0.46180800461784915,-4.807859603360839,1.5255483887624845e-06,5.857229060900376e-05
ENSG00000203930,LINC00632,663.2296464621568,-2.4074758089326296,0.44392319536279923,-5.423180933280821,5.854767578264773e-08,3.6829906104854652e-06
